   32.98622   107.68495 0
   32.98622   107.69484 0
   32.98622   107.70472 0
   32.98622   107.71461 0
   32.98622   107.72449 0
   32.98622   107.73438 0
   32.98622   107.74426 13.5135
   32.98622   107.75415 0
   32.98622   107.76403 0
   32.98622   107.77392 0
   32.98622   107.78380 0
   32.98622   107.79369 0
   32.98622   107.80357 0
   32.98622   107.81346 0
   32.98622   107.82334 0
   32.98622   107.83323 0
   32.98622   107.84311 0
   32.98622   107.85300 0
   32.98622   107.86288 0
   32.98622   107.87277 0
   32.98622   107.88265 0
   32.98622   107.89253 0
   32.98622   107.90242 0
   32.98622   107.91230 0
   32.98622   107.92219 0
   32.98622   107.93207 0
   32.98622   107.94196 0
   32.98622   107.95184 0
   32.98622   107.96173 0
   32.98622   107.97161 0
   32.98745   105.46331 0
   32.98745   105.47320 0
   32.98745   105.48308 0
   32.98745   105.49297 0
   32.98745   105.50285 0
   32.98745   105.51274 0
   32.98745   105.52262 0
   32.98745   105.53251 0
   32.98745   105.54239 0
   32.98745   105.55228 0
   32.98745   105.56216 0
   32.98745   105.57205 0
   32.98745   105.58193 0
   32.98745   105.59181 0
   32.98745   105.60170 0
   32.98745   105.61158 0
   32.98745   105.62147 0
   32.98745   105.63135 0
   32.98745   105.64124 0
   32.98745   105.65112 0
   32.98745   105.66101 0
   32.98745   105.67089 0
   32.98745   105.68078 0
   32.98745   105.69066 0
   32.98745   105.70055 0
   32.98745   105.71043 0
   32.98745   105.72032 0
   32.98745   105.73020 0

